19.45	1.2441984406239728	24.19965967013627	23.89688419802278
21.8	1.1147352097430296	24.301227572398048	23.57622819068558
33.15	0.7655520904361778	25.37805179795929	23.971022689936934
24.1	0.9891018861947972	23.837355457294613	23.52495582323477
25.4	0.9813580055297657	24.926493340456048	23.601528225105675
23.466666666666665	1.0143344341652336	23.803048055077483	23.5278391561687
24.566666666666666	1.0120487609439401	24.862664560522795	24.00876462172133
22.933333333333334	1.0476467209989941	24.0260314682436	23.551017865690486
23.866666666666667	1.0140829580897244	24.202779933074755	23.52794076179508
23.266666666666666	1.038914220541671	24.17207086460288	23.66314669449494
24.316666666666666	0.9984952698475863	24.28007664512714	23.661896966812353
22.183333333333334	1.0943712834658765	24.276802971551362	23.829583911474273
27.466666666666665	0.9054279754702016	24.86908839291487	23.82325544332328
21.7	1.1210609756793828	24.327023172242605	23.94396630770372
23.366666666666667	1.0437719078119334	24.389470245872175	23.773010672781115
25.65	0.9683904040884664	24.839213864869162	23.514465580086423
25.516666666666666	0.9676719336905008	24.691762174669275	23.535623792217713
22.433333333333334	1.0828192550509697	24.291245288310087	24.009215206213803
20.65	1.1631739039704436	24.01954111698966	23.55110381992915
22.583333333333332	1.1098844154532557	25.06488971565269	23.517092019573234
20.316666666666666	1.172980367781558	23.831051138761985	23.523141243439834
20.983333333333334	1.1353380257088723	23.82317623945784	23.500090990584432
50.0	0.29065733832414187	14.532866916207093	23.964179210191705
22.833333333333332	1.0510756160460357	23.999559899717813	23.50805520448969
25.183333333333334	0.9540004701806538	24.024911840716133	23.50022700531739
25.316666666666666	0.952099032414346	24.10397383728986	23.511805146612108
20.78333333333333	1.1452488244233334	23.802088067598277	23.511477795239
24.483333333333334	1.022409871820764	25.03200169507837	23.886051388526823
23.416666666666668	1.035474937278088	24.247371447928565	23.750589859764432
21.75	1.1076817212203436	24.092077436542475	23.705277657417405
24.233333333333334	0.9940209837510973	24.088441839568258	23.50837573541658
22.633333333333333	1.077583561478667	24.389307941467166	23.731078959076687
24.15	1.013101795845182	24.466408369661142	23.50129824928374
25.35	0.9632352080692804	24.41801252455626	23.90927710700794
26.233333333333334	0.9319147470793617	24.447230198381924	23.66145128564787
25.95	0.9335216437540096	24.224886655416547	23.792718142119586
20.116666666666667	1.1838522811819112	23.815161723109448	23.50275748828861
19.266666666666666	1.2358362843709059	23.81044574554612	23.518289925986792
28.349999999999998	0.8528009394731217	24.176906634063	23.537479732434285
17.4	1.3746267099789766	23.918504753634192	23.875136960571762
21.833333333333332	1.133705477799582	24.75256959862421	23.97726257206916
22.55	1.0571983000036282	23.839821665081818	23.533567767624085
26.7	0.9232974344883498	24.652041500838937	23.835358563568462
20.75	1.1450548305972008	23.759887734891915	23.50008225932278
18.566666666666666	1.2702245049771084	23.583834975741645	23.505116004130976
20.2	1.1768542052411404	23.772454945871036	23.553417801480933
24.78333333333333	0.9839309525428769	24.385088773854296	23.50173020110244
17.083333333333332	1.392114910993645	23.781963062808103	23.76462252369347
21.85	1.088515382974128	23.784061117984702	23.52831659301626
23.416666666666668	1.036023700465164	24.26022165255926	23.58925486637527
17.53333333333333	1.366399065533627	23.95753028235626	23.84976174776769
19.03333333333333	1.257968104507687	23.943326255796304	23.86163233042914
21.78333333333333	1.0978096869146252	23.913954346623584	23.689891922338173
21.816666666666666	1.0926062291327205	23.837025898912184	23.642370071785532
22.15	1.093403906295778	24.218896524451484	23.750983859667677
21.03333333333333	1.138211485054256	23.940381568974516	23.645228761121754
24.55	0.9824564448313207	24.119305720608924	23.545717316288677
23.366666666666667	1.0261278865335748	23.977188282001197	23.603802887172705
21.9	1.0821542350115738	23.699177746753463	23.51440378808862
21.55	1.1211116359390838	24.159955754487257	23.704750295199254
21.0	1.1360226940244185	23.85647657451279	23.63081217806825
21.216666666666665	1.1320485326129361	24.018296366937793	23.761644095503733
27.633333333333333	0.9034770693414366	24.96608301613503	24.00064114928427
20.233333333333334	1.2021241317702807	24.322978266152013	23.500011479349038
26.333333333333332	0.9103609795724626	23.972839128741516	23.507895510008105
19.966666666666665	1.2175091176231307	24.30959871520851	23.629827714604524
22.416666666666668	1.083195980666646	24.281643233277318	23.931895700116552
22.266666666666666	1.097293879125978	24.433077041871776	23.677564819720462
20.35	1.1876669096353718	24.169021611079817	23.56525724010385
23.35	1.0472646762838589	24.453630191228104	23.894816924585722
23.083333333333332	1.047774487790157	24.18612775982279	23.543968568812176
22.516666666666666	1.1072254115049147	24.931025515718993	23.925473601033907
25.5	0.9693481048065471	24.71837667256695	24.00383984987637
17.416666666666668	1.357495928056407	23.643054080315757	23.63040536877021
29.183333333333334	0.8801082442043915	25.68449226003149	23.84858946795424
21.2	1.140320366017882	24.174791759579097	23.684269101185464
21.15	1.1437692808798154	24.190720290608095	23.509663939401968
20.566666666666666	1.1726851084952086	24.11822373138479	23.704022189418417
23.166666666666668	1.0686317506240386	24.756635556123562	23.978235680344945
19.916666666666668	1.1999195419415	23.89839754366821	23.67747321405812
23.083333333333332	1.0468846284085227	24.165586839096733	23.51166902951623
29.083333333333332	0.8582226799786071	24.95997627604449	23.540134751784187
18.316666666666666	1.308494934241144	23.967265545516955	23.78533085530729
19.85	1.2057912088036344	23.934955494752145	23.629091970894002
20.766666666666666	1.1896964636567418	24.70602989527167	23.502153225670387
25.216666666666665	0.9638879971196372	24.30604232736685	23.856097804520626
23.7	1.010101522369539	23.939406080158076	23.710453388306075
19.25	1.2504837873446255	24.071812906384043	23.51047515764202
22.416666666666668	1.092219758732765	24.48392625825948	23.773021136130918
21.733333333333334	1.1302108095173922	24.563248260177993	23.925228524853228
21.366666666666667	1.1243744534770446	24.02413415595952	23.541689893296216
22.03333333333333	1.1070427404517624	24.391841714620497	23.784232439391506
21.066666666666666	1.1459002302872427	24.140298184717913	23.66571906148789
25.75	0.9514526036466988	24.499904543902495	23.565423590233422
28.65	0.854146404040466	24.47129447575935	23.502371824843763
23.766666666666666	1.0309576694398421	24.50242727702025	23.580316304397705
27.5	0.8941428728484182	24.5889290033315	23.50068425514849
20.966666666666665	1.1443920505447929	23.994086659755823	23.759633484589695
22.3	1.0692975074707016	23.845334416596646	23.680959040758253
25.983333333333334	0.9301583298958795	24.16861393846127	23.500749705157713
23.3	1.0330895088845253	24.07098555700944	23.822894445884106
50.0	0.22858602723924895	11.429301361962448	23.916171910136743
26.983333333333334	0.8959101485169678	24.174642174149515	23.500549805018352
22.25	1.0721615294912363	23.855594031180008	23.5898705256336
21.15	1.175803022579978	24.868233927566536	24.009899477679106
22.366666666666667	1.0873777941754623	24.32101666305784	23.52561021999798
25.4	0.9394932687476998	23.863129026191572	23.514216605044986
23.666666666666668	1.0434116597124399	24.694075946527747	23.843204009252528
26.099999999999998	0.9351596326497353	24.40766641215809	23.851072417553407
24.916666666666668	0.9733360812397702	24.25229069089094	23.58368690152194
25.9	0.9363424000743538	24.25126816192576	23.637443653612284
26.866666666666667	0.9186316011323251	24.68056901708847	23.54325315558927
19.333333333333332	1.2208841184070498	23.603759622536295	23.503858162223256
27.016666666666666	0.8862542305491666	23.943635128669985	23.501148249885457
26.5	0.9306975169094863	24.663484198101386	23.725370520095854
21.05	1.1536261787322482	24.283831062313823	23.947381009001056
50.0	0.3116047338363411	15.580236691817055	23.979369764894088
25.75	0.9620369939393265	24.772452593937658	23.792935538404386
24.066666666666666	1.0077436098345616	24.253029543351783	23.500003094785125
25.116666666666667	0.9558408857767768	24.007536914426712	23.5704227429294
19.1	1.237519360352616	23.636619782734968	23.50213676333447
25.0	0.9765113714619119	24.412784286547797	23.67217517831676
24.28333333333333	0.988009402897921	23.99216166703785	23.545955788126513
25.4	0.9575801665597228	24.322536230616958	23.678281981846084
23.45	1.0296545973440197	24.14540030771726	23.50781120432706
25.133333333333333	0.9620510921157573	24.1795507818427	23.520820606442996
24.416666666666668	0.991032434856252	24.197708617740155	23.5566324255695
26.733333333333334	0.9406278218420869	25.14611710391179	23.81650617981884
18.85	1.2527274568244438	23.61391256114077	23.5032944341849
50.0	0.2607690251839155	13.038451259195774	23.881139952335456
22.766666666666666	1.063967747135824	24.22299904312559	23.948344863668268
30.25	0.8238984819811824	24.922929079930768	23.7065509476574
21.366666666666667	1.1052487148470842	23.615480873899365	23.51838789747054
22.333333333333332	1.0931565531547303	24.41382968712231	23.549978559823742
19.483333333333334	1.2351626891499934	24.065086393605704	23.90389445227699
18.7	1.2699112418850724	23.747340223250852	23.58785064873451
22.816666666666666	1.0629003924544849	24.251843954503162	23.929559083916317
19.583333333333332	1.2067113151520974	23.63142992172857	23.551390773167068
21.25	1.1343049211735778	24.103979574938528	23.500151601876
22.383333333333333	1.1055345910240773	24.745549262422262	23.538115790880102
20.266666666666666	1.2066961016738558	24.455707660590143	23.98179029548662
29.65	0.8244446329435379	24.444783366775898	23.517176839349304
27.816666666666666	0.8988172691769932	25.002100370940028	23.593660924375374
26.933333333333334	0.912775722754982	24.584092799534183	23.840061926091668
25.766666666666666	0.9790615215685746	25.22715187241694	23.633167390021832
19.6	1.2255079351991731	24.019955529903793	23.801749993603234
22.766666666666666	1.0546866761766127	24.01169999428755	23.658571356499664
19.166666666666668	1.244728876595555	23.857303468081476	23.511914354606986
18.983333333333334	1.2434590973436006	23.604998531239353	23.50255238841234
28.083333333333332	0.8675944332166768	24.36494366616834	23.658814600982943
24.53333333333333	0.98957018540391	24.27745521524259	23.541929006386248
19.966666666666665	1.2108668160460294	24.17697409371905	23.555452167134938
22.433333333333334	1.072333560608584	24.056016209652565	23.591287323172995
24.5	0.9808447271265887	24.030695814601422	23.588759152186483
26.316666666666666	0.918845951176795	24.18096261513599	23.667900423994414
23.78333333333333	1.023821353143288	24.3498845155912	23.586092122341654
24.53333333333333	0.9967130618977146	24.45269378522393	23.50068530831817
22.383333333333333	1.0830655708712633	24.242617694668443	23.646787371794193
22.216666666666665	1.086339350675118	24.134839240832203	23.609987595736772
25.583333333333332	0.9549338596882385	24.430391243690767	23.861883958885343
23.366666666666667	1.0436759331320962	24.38722763751998	23.585779882245443
26.216666666666665	0.917272882624522	24.04783740613955	23.52093168681249
26.383333333333333	0.9071972778523042	23.934888180669958	23.505059687058825
27.383333333333333	0.8991236713883838	24.621003201518576	23.582621255978445
23.133333333333333	1.0536176391188432	24.373688051615908	23.710760585672247
22.583333333333332	1.0749006118437292	24.274838817470883	23.714968082520393
23.683333333333334	1.0167499765704953	24.080028611777898	23.570536051205895
22.133333333333333	1.0968838276048114	24.277695384319827	23.56025064650665
24.483333333333334	0.993817073466224	24.331954682031387	23.72298754773816
25.3	0.9650128359606405	24.414824749804204	23.563578933595064
25.116666666666667	0.9637316314827864	24.205726144075985	23.5039130701547
25.35	0.9405406454235575	23.842705361487184	23.528288342565006
23.5	1.0271259150818526	24.137459004423533	23.546900196124792
26.633333333333333	0.9196484178616133	24.49330286238097	23.50056830647916
22.85	1.0604743332187343	24.23183851404808	23.962146655087917
23.53333333333333	1.0330177033715915	24.310349952678116	23.68860133577427
23.6	1.0387313850910205	24.514060688148085	23.559732253863395
23.8	1.0325757980730577	24.57530399413877	23.504524779572286
22.916666666666668	1.0515121516004475	24.097153474176924	23.500026756845266
24.2	1.0248873289613634	24.802273360864994	23.680693168458912
23.233333333333334	1.0554568230425272	24.52178018868805	23.976965169357026
21.833333333333332	1.0981905356946497	23.977160029333184	23.55324343296386
20.333333333333332	1.1799023318060065	23.991347413388798	23.76881321155522
23.333333333333332	1.0213876893704852	23.832379418644653	23.610517008164898
22.683333333333334	1.0605695954147771	24.05725365599186	23.59508588326746
19.866666666666667	1.2003307350834127	23.84657060365713	23.572346226958892
21.55	1.1141040004177014	24.008941209001467	23.546747508294374
20.916666666666668	1.1402537786053695	23.850308202495647	23.658911998295572
26.416666666666668	0.9292166527213834	24.546806576056547	23.639381955842047
20.816666666666666	1.1714351467459445	24.385374971428078	23.762737548083035
23.916666666666668	1.0168031139162879	24.318541141164552	23.860278387830093
22.183333333333334	1.0901190587922476	24.182474454208027	23.503369660638008
25.8	0.9260243683917587	23.891428704507376	23.5264581891962
24.0	1.0243850301835675	24.585240724405622	23.670178767510972
23.183333333333334	1.0381504100528167	24.067787006391136	23.503472541341527
19.95	1.1947822617052282	23.835906121019303	23.516613531537082
22.183333333333334	1.0926556250945858	24.238743950014893	23.567331639923808
23.05	1.0515141208507608	24.237400485610035	23.854127066981125
50.0	0.2650488564956151	13.252442824780754	23.635131664305238
27.166666666666668	0.9020629171202507	24.50604258176681	23.667309301874276
22.166666666666668	1.0994994233459272	24.372237217501386	23.672390714870403
26.666666666666668	0.9256776191298028	24.684736510128076	23.676021891459705
26.383333333333333	0.9193842932600982	24.256422270512257	23.671540034631224
21.933333333333334	1.0946650010161323	24.009652355620503	23.792109198874897
25.866666666666667	0.9677841846084139	25.03335090853764	23.969477849663537
26.599999999999998	0.9195477805151264	24.45997096170236	23.88696725081786
50.0	0.2206770393230521	11.033851966152605	23.905193999653378
20.28333333333333	1.1789836964885636	23.91371931044303	23.552580603729975
21.633333333333333	1.0956713336458448	23.70302318453844	23.500084181859165
19.3	1.2314342013655424	23.766680086354967	23.6250424256979
21.316666666666666	1.1401857203195087	24.304958938144193	23.703047921276696
26.716666666666665	0.9121381803866876	24.369291719331002	23.770512675171325
22.65	1.0664779699808844	24.15572602006703	23.5900321165736
21.716666666666665	1.1311886395154511	24.565646621477214	23.8043056503746
26.566666666666666	0.9186826074496516	24.406334604579076	23.800651013355782
20.85	1.151350582510983	24.005659645354	23.583984206189836
26.05	0.9446474303253666	24.6080655599758	23.949589856683307
22.716666666666665	1.048382119170817	23.815747140497056	23.50685823716841
22.1	1.0866243075328246	24.014397196475425	23.632276319812757
18.316666666666666	1.3064614721986425	23.930019299105137	23.668605434420122
24.116666666666667	1.0092093229194694	24.338764837741202	23.50986945400951
25.066666666666666	0.9636129659250463	24.15456501252116	23.74119348732199
23.816666666666666	1.0248367205514601	24.408194561133943	23.969355082838938
23.733333333333334	1.0341707725996592	24.544319669698577	23.618501947755306
23.6	1.0383190552260144	24.504329703333944	23.869408295730608
23.53333333333333	1.0457259924846267	24.609418356471547	23.573858901748995
22.85	1.0576035558180255	24.166241250441885	23.625149190482848
28.366666666666667	0.8723604341498593	24.745957648717678	23.50104144162536
23.066666666666666	1.038589370980226	23.95679482394388	23.558907183540473
24.733333333333334	0.9862136816198521	24.392351725397678	23.91568336885891
25.733333333333334	0.9329065753067199	24.00679587122626	23.536180242520164
28.266666666666666	0.8523069079835289	24.09187526566775	23.504720525955634
22.133333333333333	1.0973220428472512	24.28739454835249	23.51037298654843
24.8	0.97282533642632	24.126068343372737	23.69494829208828
20.466666666666665	1.1879808426165799	24.314007912219335	23.962767740305416
21.433333333333334	1.1318933044281996	24.260246491577746	23.652295354062293
19.3	1.2480269375230415	24.0869198941947	23.535594383530984
22.066666666666666	1.087148686827414	23.989747689324936	23.68020946183741
24.816666666666666	0.9817046038677784	24.3626359193187	23.895284100561426
25.583333333333332	0.9468392198380934	24.22330337419122	23.644501876697667
24.083333333333332	1.0261791820876125	24.713815301943335	23.689746718710786
26.15	0.9370497171712164	24.503850104027308	23.82586543653416
24.3	1.019787471203324	24.78083555024077	23.629753320044895
22.616666666666667	1.0927011494456542	24.71325766329588	23.664247547851122
21.816666666666666	1.0989746107421217	23.97596275769062	23.7298170123499
24.516666666666666	1.0094266055215997	24.747775612037884	23.694983924092952
50.0	0.25873180887061775	12.936590443530887	23.714330674078067
23.766666666666666	1.011140287113003	24.031434157052374	23.654567865602022
26.133333333333333	0.9281833490089391	24.256524854100274	23.61417449775254
22.15	1.0844259302143648	24.02003435424818	23.504460330270597
20.366666666666667	1.1915363413518678	24.26762348553304	23.50031628393742
21.5	1.1352860308423016	24.408649663109486	23.51162637873638
18.183333333333334	1.302240493503044	23.67907297353035	23.515815084538687
23.966666666666665	1.024205591811108	24.546794017072887	23.835558272870145
26.433333333333334	0.9324711699211438	24.6483212582489	23.5506499960382
25.233333333333334	0.9650890309379897	24.352413214001942	23.536510043153815
23.616666666666667	1.0314818325354806	24.360162611712937	23.562780567401997
22.133333333333333	1.0958427967906326	24.25465390229933	24.00577562359976
50.0	0.24931734254936144	12.465867127468073	23.997227702127045
26.45	0.929953148462123	24.597260776823152	23.5101895823902
28.733333333333334	0.8643195723718043	24.83478237948318	23.54435233031012
23.833333333333332	1.021235219044778	24.339439387233874	23.93369396251718
22.28333333333333	1.084757143458842	24.172005013407862	23.58943239887085
28.2	0.8485635927088996	23.929493314390967	23.503351473780974
18.7	1.2756872162583168	23.855350944030523	23.719268679044923
29.233333333333334	0.8666145262169315	25.334031316408296	23.72483098739347
27.2	0.9270568747148553	25.215946992244064	23.56734388195703
23.03333333333333	1.0511781982187827	24.21213783230596	23.51101617149076
23.633333333333333	1.052893348295461	24.88337946471606	23.68843109176906
20.8	1.1546324825547605	24.016355637139018	23.545779538276907
21.066666666666666	1.1441252948205465	24.10290621088618	23.50734557085687
29.266666666666666	0.861409878667756	25.210595782342992	23.808050938088986
27.5	0.9019709862950637	24.80420212311425	23.568876249215098
21.516666666666666	1.1100329264460334	23.884208467363816	23.65410882573967
20.666666666666668	1.1876254619348428	24.544259546653418	23.851689098886855
22.933333333333334	1.0755375969831373	24.665662224146615	23.988695265226248
21.25	1.122779012220997	23.859054009696187	23.50102561086672
22.066666666666666	1.095653442889672	24.177419306432096	23.824659243089982
22.03333333333333	1.0888818910739957	23.991697666663704	23.504229429624928
26.983333333333334	0.9128805766263451	24.632560892634213	23.883529099044885
22.55	1.063051386350676	23.971808762207747	23.61858706422666
24.3	1.0241318096100078	24.886402973523193	23.58222220592576
24.116666666666667	0.9940710651030493	23.97368052006854	23.51071345382477
18.8	1.2796830712866052	24.058041740188177	24.005837843802937
27.066666666666666	0.9202254224174006	24.907434766764307	23.70839202981567
21.683333333333334	1.1332323890004534	24.572255634826497	23.533139865874283
24.616666666666667	0.9990637960481297	24.59362044605146	23.587526749015254
27.766666666666666	0.8724979549606137	24.226359882739704	23.741935805892417
24.4	0.990633949382929	24.17146836494347	23.65950401026379
20.983333333333334	1.1352087996986517	23.820464647010045	23.575331851907265
21.233333333333334	1.1401114651662194	24.208366777029394	23.906601452014645
20.983333333333334	1.1408975932276106	23.939834497892697	23.838188993371183
25.983333333333334	0.9731945764500581	25.28683907809401	23.80716871241938
25.416666666666668	0.9740221211293848	24.7563955787052	23.50281984353007
21.266666666666666	1.1134052571939175	23.678418469657313	23.50437800756022
24.983333333333334	0.9642931203624372	24.09125645705489	23.636168601218564
17.516666666666666	1.3464068651128425	23.58456025389329	23.509731601476158
24.983333333333334	0.9677799977843826	24.178370277979827	23.686517932677933
21.116666666666667	1.1496612212947093	24.27701278967328	23.75767026871553
28.25	0.8742283608962294	24.69695119531848	23.53766720664086
24.9	0.9855379573833277	24.53989513884486	23.878429564671382
22.333333333333332	1.0752332713793753	24.013543060806047	23.512449689805
23.233333333333334	1.0477450420969614	24.342609811386072	23.500004815025473
18.95	1.2782506236911961	24.222849318948164	23.759229428985474
26.433333333333334	0.9404210226941706	24.858462366549244	23.681537819865994
25.266666666666666	0.9872653649666218	24.944904888156643	23.939863241552732
23.816666666666666	1.01977488128367	24.28763842257274	23.832584306209284
24.983333333333334	0.9557707098034506	23.87833823325621	23.601129342613174
22.116666666666667	1.0985781381204687	24.296886488097698	23.78972820146107
23.566666666666666	1.0472747950793433	24.680776004036524	23.558595543431476
24.966666666666665	0.9703007989601318	24.225176614037956	23.524266366387117
24.78333333333333	0.9763158680276545	24.196361595952034	23.804591067415547
18.35	1.290229243559051	23.67570661930859	23.62897275027034
25.766666666666666	0.9553516751874114	24.616228163995633	23.722459070450444
20.916666666666668	1.140157324492627	23.848290703970786	23.54673339303268
21.733333333333334	1.1142418727881005	24.216190035261384	23.812743381670757
23.716666666666665	1.0489897290649066	24.878539740989368	23.89504170135774
27.03333333333333	0.8950989991196916	24.19750960953566	23.514459007232936
18.3	1.296448388902918	23.7250055169234	23.503453620341805
26.416666666666668	0.9206526512928956	24.320574204987327	23.78759892410681
21.516666666666666	1.11627879443085	24.018598726837123	23.728900769892306
28.633333333333333	0.8526042518788826	24.412901745465337	23.512100723370324
24.566666666666666	0.9834602111648205	24.160339187615758	23.552330782536153
22.3	1.0851829531592059	24.199579855450292	23.886791218881292
24.516666666666666	1.0353300130230092	25.382840819280773	23.724698074487264
25.666666666666668	0.9342372958779361	23.978757260867027	23.604043579366078
20.833333333333332	1.1412964326839408	23.777009014248765	23.535474371776388
20.85	1.1379545100658264	23.72635153487248	23.606522126381687
22.866666666666667	1.0718608002596857	24.509883632604815	23.681578914074557
27.05	0.9095962843397225	24.604579491389494	23.686981927777538
21.53333333333333	1.1074085332985446	23.846197083695323	23.614496725632794
20.133333333333333	1.1957089779711834	24.07360742315316	23.85265303312078
20.466666666666665	1.1597955588109392	23.737149103663885	23.57504850832487
20.9	1.1817103420197352	24.697746148212463	23.90911008407977
24.383333333333333	1.0141362316515679	24.72802178177073	23.880127672231538
25.2	0.9637543180256594	24.286608814246616	23.91046402014086
25.3	0.9976695334668387	25.24103919671102	23.51602595951041
50.0	0.24782230056352958	12.391115028176479	23.860150990431105
19.55	1.238391639708099	24.210556556293337	23.51771919331972
17.166666666666668	1.3797707699028445	23.686064883332165	23.63408234608458
19.816666666666666	1.2119283879443605	24.01638088776408	23.730613220971122
22.316666666666666	1.0945402593448132	24.42649012104508	23.977385351066964
24.266666666666666	1.000801943099934	24.286127152558397	23.52099087290024
24.766666666666666	0.9826498814441441	24.336962063766634	23.579210891324973
26.05	0.9302447764269866	24.232876425923	23.58459520666085
50.0	0.2639222762697212	13.196113813486061	23.88892548117932
17.5	1.3449215506548697	23.53612713646022	23.501176447602944
17.733333333333334	1.3404214816855915	23.770140941891157	23.515716812836093
23.266666666666666	1.0695649128464935	24.885210305561746	23.775854067480847
19.166666666666668	1.2505960380903434	23.969757396731584	23.799722329759504
22.816666666666666	1.0823966068799298	24.696682580310398	23.609769473430752
22.65	1.0534721446246023	23.86114407574724	23.60013362320997
23.2	1.0488192770444187	24.332607227430515	23.8474892688913
27.166666666666668	0.9289719058458688	25.23707010881277	23.862757871505806
50.0	0.4677274606846487	23.386373034232435	23.911597663896913
19.15	1.2412830245097	23.770569919360753	23.680063016712058
24.216666666666665	0.9960221925809999	24.120337430336544	23.591271298153174
28.166666666666668	0.8761907592602098	24.67937305249591	23.79073070242443
26.25	0.9634948854671372	25.291740743512353	23.504438318133133
23.816666666666666	1.0176227678685026	24.236382254734835	23.650314313712723
25.6	0.9421674685943207	24.11948719601461	23.504272369088532
25.816666666666666	0.9427259299378999	24.338041091230117	23.658658059481557
21.916666666666668	1.080072483986773	23.671588607376776	23.547909598998665
25.8	0.9372302605909723	24.180540723247084	23.5358862297919
50.0	0.22860104015659022	11.430052007829511	23.964282112626048
24.4	1.0136720096217682	24.733597034771144	23.86975582428286
25.316666666666666	0.9635439162241859	24.393720145742307	23.733951392951827
24.1	1.0240367540663557	24.679285772999176	23.668200802039717
20.733333333333334	1.1562057574813762	23.971999371780534	23.52326101388637
24.916666666666668	0.9593118230899607	23.902852925324854	23.50251373774559
22.866666666666667	1.0576279642859714	24.184426116672547	23.91109787582477
23.6	1.0067438551024357	23.759154980417485	23.52014608685469
19.983333333333334	1.211823910364469	24.216281142116642	23.91298544697391
19.866666666666667	1.2175894994694105	24.189444722792288	23.888550551682652
23.666666666666668	1.0408425768032197	24.6332743176762	23.55227129419752
18.55	1.2903231043208407	23.935493585151598	23.74271736157596
20.383333333333333	1.1863399373361223	24.181562389367958	23.84830332026284
27.866666666666667	0.910289578254981	25.36673624737214	23.758933407933934
22.183333333333334	1.088430999437464	24.145027670854407	23.655062109334487
21.683333333333334	1.1229141121313715	24.348520998048574	23.506683685599036
25.516666666666666	0.9702766181276734	24.758225039224467	23.960310055150025
23.633333333333333	1.055756584416455	24.95104727837555	23.999717120524657
27.15	0.9002669320333059	24.442247204704252	23.522350333180924
50.0	0.30215220688250793	15.107610344125396	23.991088190602486
26.016666666666666	0.9507571319704565	24.735531383431375	23.894533622623392
24.0	1.0246255084247704	24.591012202194488	23.500000181570012
21.28333333333333	1.1481864618609696	24.437235196607634	23.987114161853548
50.0	0.2362366186463195	11.811830932315976	23.9920134007872
22.066666666666666	1.0909192545349549	24.072951550071338	23.93037785652571
24.183333333333334	1.02226839761367	24.721857415623916	23.82226783151565
28.316666666666666	0.901391159798622	25.524393008297647	23.910462159236502
31.3	0.8210451050689893	25.698711788659367	23.577307655948086
22.266666666666666	1.0945635246394692	24.372281148638844	23.704611834059385
26.78333333333333	0.9140231777256389	24.48058744341836	23.696993224119197
25.316666666666666	0.9533723947556946	24.136211127231668	23.51048812300386
21.333333333333332	1.1264082132526725	24.03004188272368	23.67950566415621
26.333333333333332	0.930501044398004	24.503194169147438	23.56552901862659
24.133333333333333	1.007709865661048	24.319398091286622	23.82004149748161
23.6	1.0314009698444169	24.341062888328242	23.577110619353604
20.6	1.1600066428197788	23.896136842087447	23.76426773697926
21.133333333333333	1.1370450550515094	24.029552163421897	23.65476002264638
23.583333333333332	1.0237276116977432	24.142909509205108	23.91249339919938
23.0	1.0541393861630521	24.2452058817502	23.538826040211546
17.233333333333334	1.36972854871264	23.60498865614783	23.546257967015226
25.716666666666665	0.9746085838451559	25.063684081217925	23.961678816135734
23.633333333333333	1.0241013466634696	24.20292849281333	23.507799661923684
25.266666666666666	0.9619660582454624	24.30567573833535	23.95134625608447
24.066666666666666	1.0219590559212268	24.595147945837525	23.60349135354936
20.4	1.1731190975415453	23.93162958984752	23.600489084977447
22.116666666666667	1.0742175316924722	23.758111075931847	23.509598620527463
18.55	1.300527544409432	24.124785948794965	23.9151985752015
19.8	1.2107324654001552	23.972502814923075	23.863409058475114
25.35	0.9442705591062238	23.937258673342775	23.50303511081175
26.65	0.9216721923239988	24.562563925434567	23.89793462468154
27.366666666666667	0.9039637650077382	24.73847503571177	23.60042659076467
21.833333333333332	1.1034006930215563	24.090915130970647	23.504481774096277
18.28333333333333	1.3148949169706516	24.040662065280078	23.507174787992238
20.616666666666667	1.1567737757312868	23.848819342993366	23.500390314488726
22.85	1.0896610700840983	24.89875545142165	23.799313212083234
21.366666666666667	1.1149567875170892	23.82291002661514	23.508073776296506
23.3	1.0344537520869328	24.102772423625535	23.50004922771043
23.733333333333334	1.027563383648663	24.387504305261604	23.805508586607875
27.116666666666667	0.8961793898515134	24.301397788140203	23.522535973790948
26.233333333333334	0.925632767134482	24.28243292449458	23.599287759702747
23.716666666666665	1.0299943934872244	24.428033698872003	23.665582331853923
18.6	1.276832515017445	23.74908477932448	23.595044913685033
26.166666666666668	0.9365385470287775	24.506091980586344	23.695269961167366
21.416666666666668	1.1240928651685385	24.074322195692865	23.777909665002927
20.5	1.1777315397214327	24.14349656428937	23.552730504009446
19.416666666666668	1.2322209651930611	23.925623740831938	23.58403752363284
19.916666666666668	1.2063950058513822	24.02736719987336	23.5992160679051
19.333333333333332	1.2432418688251576	24.036009463953047	23.815059814960247
25.483333333333334	0.9865370155723576	25.140251613502247	23.870567539447485
21.483333333333334	1.120309595772323	24.06798448250874	23.6484640530081
24.816666666666666	0.9934888075046467	24.655080572906982	23.522852625484653
22.766666666666666	1.0477730309091349	23.854299337031303	23.588711470065892
20.233333333333334	1.1854114632089083	23.984825272260245	23.60579423340148
24.066666666666666	1.0113148541138697	24.338977489007128	23.657649667184863
22.933333333333334	1.0544048109959518	24.181016998840498	23.70957960607883
23.966666666666665	1.0403805645084447	24.934454196052393	23.891459516350096
24.983333333333334	0.9774524476677852	24.420020317566834	23.97987575413453
27.583333333333332	0.9325098282686924	25.721729429744766	23.859855920601092
26.55	0.9356148528011085	24.84057434186943	23.95832946593822
28.9	0.8456492004471788	24.43926189292347	23.603114907119664
19.883333333333333	1.2127140428071295	24.112797551148425	23.911645119751157
23.716666666666665	1.0077504230909455	23.90048086764026	23.624173846372223
24.28333333333333	1.0056277483678293	24.419993822865454	23.750404543668296
25.516666666666666	0.9626610934820209	24.563902235349566	23.861072304444704
18.3	1.2924727675249064	23.652251645705785	23.568985771958463
26.683333333333334	0.9048069055303802	24.14326426256898	23.64717104745406
25.0	0.9811221083647781	24.528052709119454	23.50022748552804
27.53333333333333	0.8903764195409128	24.5150307513598	23.867679386366486
23.833333333333332	1.010529049930209	24.084275690003317	23.656540551501507
28.15	0.8722469941802364	24.553752886173655	23.73859849413712
30.916666666666668	0.8143589608409137	25.177264539331585	23.780874862984508
21.75	1.109551486649967	24.13274483463678	23.670878122352644
24.433333333333334	0.9876726111412738	24.132134132218457	23.51521048994905
19.333333333333332	1.2282887019368711	23.74691490411284	23.580620464110698
25.75	0.9731028508260202	25.05739840877002	23.52899123055418
20.75	1.159406323085272	24.057681204019396	23.500240766597713
22.6	1.0552149750600177	23.847858436356404	23.500473568811625
30.516666666666666	0.8210251216453698	25.0549499622112	23.580582388655944
24.15	0.997199452065574	24.08236676738361	23.52748888204392
25.633333333333333	0.9436265217787988	24.188293174929875	23.578275723825357
19.566666666666666	1.2175429964757336	23.823257964375188	23.530480840731705
24.066666666666666	0.9908939361732397	23.847514063902636	23.506501645627274
21.983333333333334	1.078189698031507	23.70220352839263	23.508420326879932
22.9	1.056575052255578	24.19556869665273	23.636805079923704
27.466666666666665	0.8852313778031989	24.31435517699453	23.524655572771007
25.916666666666668	0.9333597027374334	24.18957229594515	23.559607105777356
22.216666666666665	1.0893748702810433	24.202278368077177	23.570539585695943
20.916666666666668	1.1623797935733482	24.313110682242534	23.977333126731263
22.966666666666665	1.05227009625108	24.167136543899804	23.831776100510332
22.566666666666666	1.0762648881130086	24.28771097508356	23.531337772767944
24.7	0.9835036038503507	24.292539015103664	23.603823582144244
23.4	1.017852120107805	23.817739610522636	23.541931563120126
26.349999999999998	0.9440664285982976	24.87615039356514	23.562839453531346
21.566666666666666	1.103507577914328	23.798980097019008	23.565664280786134
25.066666666666666	0.9578172913390853	24.009286769566405	23.57572499877372
22.433333333333334	1.0664356526654806	23.923706474795615	23.545328106860232
25.45	0.9467203235098796	24.094032233326434	23.50801183167518
21.1	1.146615002718581	24.19357655736206	24.01337161865888
25.45	0.9753282326167898	24.8221035200973	23.51375619366478
19.3	1.25783518865569	24.276219141054817	23.869805105141538
26.166666666666668	0.9346955335992084	24.457866462512623	23.796968303218094
21.78333333333333	1.0998033244809808	23.957382418277366	23.500726304170225
21.53333333333333	1.1176255983261714	24.066204550623553	23.52982978860307
21.083333333333332	1.1443954378720296	24.127670481801957	23.767776775436072
19.466666666666665	1.2360381880566655	24.061543394169753	23.792565512774843
23.183333333333334	1.0419628244757537	24.15617148076289	23.534680956446472
24.9	1.0027030375189212	24.967305634221134	23.98335524463353
27.45	0.913740987951199	25.08219011926041	23.58928478259137
26.666666666666668	0.9432812728197453	25.15416727519321	23.576403456543485
21.616666666666667	1.1301021172024301	24.4290407668592	23.517355833117175
27.2	0.9074850482913721	24.68359331352532	23.686215895423594
22.2	1.08736216144224	24.139439984017727	23.747366166261283
19.566666666666666	1.2267259637847518	24.002938024721644	23.511025450055648
27.7	0.9127603767564301	25.283462436153112	23.66704665580278
26.55	0.909293838778734	24.14175141957539	23.500010160606298
22.333333333333332	1.0892075225940308	24.325634671266684	23.719473539098065
27.366666666666667	0.8996096601925675	24.619317700603265	23.808580779700858
23.75	1.0232647601795384	24.302538054264037	23.951226688432545
21.616666666666667	1.1008725235193497	23.797194383409945	23.504298057766427
24.333333333333332	0.9952102344734043	24.21678237218617	23.580326561689017
27.65	0.9119689561461958	25.215941637442313	23.76752392366129
27.316666666666666	0.8874609830074126	24.24247585248582	23.608187530669056
25.716666666666665	0.9398294116564304	24.169279703097867	23.783881780280833
24.15	0.9968628007264909	24.074236637544754	23.500384253095394
24.116666666666667	1.0099978657536555	24.35778186242566	23.58549374009611
23.733333333333334	1.0197647930546478	24.202417755163644	23.615272238665675
24.583333333333332	1.0105139353077717	24.841800909649386	23.526930458584097
23.28333333333333	1.0389976966709507	24.1913297041553	23.53490249505804
23.016666666666666	1.0657894807504469	24.530921215272784	23.713650304373783
20.866666666666667	1.1528637837808084	24.056424288226204	23.60604003779194
21.516666666666666	1.1240736098544692	24.186317172035327	23.97360111554389
26.483333333333334	0.9443657840641979	25.00995384796684	23.66224824945426
27.65	0.8822180429689859	24.39332888809246	23.58146678957418
22.1	1.1001241338536418	24.312743358165484	23.5001393539965
26.266666666666666	0.9124039962486474	23.965811634797806	23.512441521969563
23.28333333333333	1.025710470504811	23.881958788253684	23.554182875153423
23.45	1.0293949153885367	24.139310765861183	23.79891208543097
25.849999999999998	0.9379269916800022	24.245412734928053	23.510487760095454
20.816666666666666	1.1406619361559929	23.74477930431392	23.5142523462155
25.4	0.953603562429164	24.221530485700765	23.588472038265486
21.25	1.1507669852429825	24.45379843641338	23.53938532282593
18.65	1.2864932400748466	23.993098927395888	23.86050912538682
20.883333333333333	1.1553062337925923	24.126645182368637	23.701641242123127
21.733333333333334	1.120395102817021	24.34992023455659	23.608806667786045
21.683333333333334	1.130094731718608	24.504220766098488	23.630148649329353
23.116666666666667	1.0348400044459554	23.922051436109	23.711483424720047
50.0	0.2654680130074541	13.273400650372706	23.828623321513245
22.416666666666668	1.0807434258123834	24.226665128627594	23.601635827892014
22.333333333333332	1.0797632615186203	24.11471284058252	23.80948566120602
26.333333333333332	0.9130485512247556	24.043611848918562	23.500177920811357
26.316666666666666	0.9504708955401361	25.013225734297915	23.547597213089954
23.2	1.0422276267323787	24.179680940191187	23.503941433425833
21.466666666666665	1.1055579334436956	23.732643637924664	23.522599291589696
20.866666666666667	1.1531776083544056	24.062972760995265	23.815527341056043
22.683333333333334	1.060397580836867	24.053351791982937	23.815521524426085
24.816666666666666	0.9955629236688662	24.706553222382365	23.920020038634128
21.85	1.1218000166890454	24.511330364655645	23.50038841319729
26.733333333333334	0.9103669674503213	24.337143596505257	23.739700814281775
24.383333333333333	0.9940373133164434	24.237943156365944	23.50695329290645
22.15	1.093437722143739	24.219645545483818	23.839974123955116
23.05	1.0649725527011749	24.54761733976208	24.00156748774869
19.316666666666666	1.229847347650464	23.75655126544813	23.630065530647325
22.883333333333333	1.0621788122554232	24.306191820444933	23.95489358404147
26.866666666666667	0.9170581793848878	24.638296419473985	23.55421332625659
24.416666666666668	0.9889534485966306	24.1469467032344	23.515653516402743
29.933333333333334	0.8361947117480943	25.03009503832629	23.840078885485525
25.55	0.9383819361280271	23.975658468071092	23.511911074310472
21.983333333333334	1.0965906972295243	24.106718827429045	23.507441185853153
23.433333333333334	1.0212569063772519	23.931453506106937	23.7147894398139
24.75	0.9920537859428906	24.553331202086543	23.82339112477537
24.316666666666666	0.9884725689637597	24.03635796863542	23.67555119936631
25.95	0.9549538432647364	24.781052232719908	23.993980867937555
20.4	1.1710760447385833	23.889951312667097	23.603942025040006
21.166666666666668	1.1211694217943247	23.731419427979873	23.580085949331853
24.433333333333334	1.0070497276406374	24.60558167868624	23.553216953207556
23.233333333333334	1.0599365572471462	24.625859346708697	23.829690799413402
21.083333333333332	1.1374850228475406	23.98197589836898	23.820660034175564
29.349999999999998	0.8480304135628858	24.889692638070695	23.661729509244687
25.383333333333333	0.9499451225176135	24.112773693238758	23.738669293667375
27.55	0.8812404704400214	24.27817496062259	23.5011277430383
27.483333333333334	0.8870518429144012	24.379141482764126	23.72263348776828
24.75	0.984784174674857	24.37340832320271	23.70980070623131
22.066666666666666	1.0800535205068926	23.833181019185428	23.570323579912753
24.566666666666666	0.9736561978761452	23.9194872611573	23.502229281472616
18.733333333333334	1.2761161108457775	23.9059084765109	23.61750592602688
21.483333333333334	1.1203599193439748	24.069065600573058	23.71218447570508
23.7	1.0129921727130984	24.007914493300433	23.591373828624146
24.03333333333333	1.02767335647846	24.698416334032316	23.510861198538542
19.833333333333332	1.2082073224153957	23.962778561238682	23.855160430240414
21.2	1.1258676536543202	23.868394257471586	23.65317346907541
19.45	1.2306254526772407	23.93566505457233	23.65652984048371
18.65	1.2637076716534485	23.568148076336815	23.50646831795353
25.866666666666667	0.941391517413379	24.350660583759403	23.565454172087723
29.433333333333334	0.8540368767032975	25.13715207096706	23.561753482438515
24.35	0.9972369382117273	24.282719445455562	23.915930444242306
28.083333333333332	0.899842812761701	25.270585658391102	23.936342336891457
24.766666666666666	0.9712203933687208	24.053891742431983	23.6014596428347
24.4	1.0047958546802644	24.51701885419845	23.945094421630465
24.366666666666667	0.9934009410100604	24.20586959594514	23.66295949857457
21.35	1.1199256320199413	23.91041224362575	23.766676915030924
24.4	1.005180358514365	24.526400747750507	23.54820511079431
26.78333333333333	0.918250924725967	24.59382060057715	23.591041998167622
24.933333333333334	0.9696777461926763	24.177298471737398	23.795694241852228
22.233333333333334	1.0910227737399036	24.257073002817194	23.944606809319115
29.766666666666666	0.8284491586998319	24.66016995729833	23.503576553177208
24.483333333333334	0.9916580691750352	24.27909506030211	23.530514479953087
21.4	1.1157196851275513	23.876401261729594	23.576877682959864
21.15	1.1323102820100204	23.948362464511927	23.502430689518814
20.116666666666667	1.1949535812270242	24.038482875683638	23.708576485292838
20.116666666666667	1.1773342942912977	23.684041553493273	23.506673482548877
24.25	0.9939152679461171	24.10244524769334	23.764759859222256
22.766666666666666	1.0441524783327418	23.77187142337542	23.58854629869576
17.983333333333334	1.339819448207777	24.09441974360319	23.996952821140425
24.0	1.0238188430431345	24.571652233035227	23.508311166793096
23.016666666666666	1.0809991223937792	24.880996467096814	23.534812056250725
22.883333333333333	1.075148211381112	24.60297490377111	23.807246883964137
21.0	1.155314463458581	24.2616037326302	23.549858600599453
21.483333333333334	1.1248154611627343	24.16478549064608	23.8150535074473
20.433333333333334	1.1598054562211555	23.698691488785613	23.533089074909288
23.116666666666667	1.0347883811251697	23.920858077010173	23.518957733960733
24.95	0.9836526480609699	24.542133569121198	23.731785900959885
24.316666666666666	0.9832154908847935	23.908523353348563	23.50304573121745
24.016666666666666	1.0102743616609136	24.263422585889607	23.515138591837264
21.45	1.123051832334261	24.0894618035699	23.618575580786324
19.85	1.2009622900598294	23.839101457687615	23.506575539807027
50.0	0.2640678105021358	13.203390525106789	23.88494753409772
26.516666666666666	0.9095978141691017	24.11950203905068	23.746386411951654
19.6	1.2222801556339051	23.956691050424542	23.89231611733032
28.666666666666668	0.858372984801514	24.606692230976737	23.676654869955062
21.75	1.1199098666408354	24.358039599438168	23.932284492386064
20.9	1.1357743252371737	23.73768339745693	23.549921811325746
24.1	1.0140583067987434	24.43880519384972	23.700177181353748
20.55	1.1749611877854595	24.145452408991193	23.632650654599704
22.45	1.062534895371454	23.853908401089143	23.578177423408693
25.8	0.9575584219356733	24.705007285940372	23.974928017953662
23.966666666666665	0.9917591866756887	23.769161840660672	23.503243120078753
24.766666666666666	0.977883665104759	24.218918772427863	23.55412289209509
26.416666666666668	0.9374665830906632	24.76474223664502	23.861473263858375
50.0	0.2653581231282542	13.26790615641271	23.935613578944135
20.616666666666667	1.1550303723562516	23.812876176744723	23.57108087424561
21.416666666666668	1.146862053338562	24.561962309000872	23.956825209889722
24.466666666666665	0.9936338108836547	24.310907239620082	23.59174533787848
22.166666666666668	1.0728506090643464	23.78152183425968	23.523993593981697
18.116666666666667	1.3211408923326777	23.934669166093677	23.833483724456737
18.633333333333333	1.2709323867235691	23.681706805949172	23.503713704462857
21.433333333333334	1.1374837126698882	24.38006757489127	23.571481362925613
20.85	1.15162027960281	24.011282829718592	23.543451072235587
23.466666666666665	1.020960933815401	23.958549913534743	23.714088217342
20.983333333333334	1.1656710382566775	24.459663952752617	24.004509454332265
22.35	1.093219594025366	24.43345792646693	23.51218775406009
26.633333333333333	0.9357612650912213	24.92244169359619	23.94327300640328
19.683333333333334	1.2126889049369767	23.86975994550949	23.560259804207263
20.733333333333334	1.1427579319398673	23.69318112221992	23.50542077369716
25.166666666666668	0.9506635926912648	23.92503374939683	23.519853096604173
22.733333333333334	1.0729170554362564	24.390981060250898	23.837929884152857
30.65	0.7934782743620992	24.320109109198338	23.51415628167549
21.216666666666665	1.1321781134177082	24.02104563967904	23.793912905790975
26.983333333333334	0.9363301683012814	25.265309041329576	23.999500080114462
28.349999999999998	0.8680198023114281	24.608361395528984	23.503625620780195
23.566666666666666	1.008279402713411	23.761784590612717	23.55071424003599
24.416666666666668	0.9979738580458886	24.36719503395378	23.671744727074056
26.516666666666666	0.9193882510914988	24.37911179144291	23.604704449074266
28.933333333333334	0.8464664724618044	24.491096603228208	23.76115450286955
20.2	1.2084924562671224	24.411547616595872	23.7586504519756
20.03333333333333	1.2026133366744476	24.09235384471143	23.6254464605255
20.733333333333334	1.160741236107254	24.066034961957065	23.515395426501577
25.78333333333333	0.9414885086827923	24.274712048871326	23.722097340052912
30.266666666666666	0.8129829629177948	24.606284344311923	23.772467864771546
25.833333333333332	0.9560488584065123	24.697928842168235	23.765620890150764
21.15	1.1620374603015358	24.577092285377482	23.837408070798375
27.383333333333333	0.8804082730187738	24.10851320949742	23.543873544232795
21.916666666666668	1.0967310220547213	24.036688233365975	23.542640180595225
22.816666666666666	1.0667536110327898	24.339761558398152	24.00622148433715
20.383333333333333	1.1734009512683932	23.91782272335408	23.551933214209765
24.7	0.9682748727304541	23.916389356442217	23.509606634822845
18.25	1.3181553722777384	24.056335544068727	23.924199207516928
20.75	1.1560345876126907	23.987717692963333	23.677511112103595
25.683333333333334	0.9510059204192116	24.425002056100084	23.663443214049373
31.65	0.788574371469185	24.958378856999705	23.936497429110123
23.083333333333332	1.0468391593038453	24.164537260597097	23.684933531070943
24.6	0.9812485732076817	24.13871490090897	23.501128481190882
20.883333333333333	1.1383395806588483	23.772324909425617	23.506468636617
24.75	1.0084012706122665	24.957931447653593	23.92629317287865
20.8	1.1498398035833126	23.916667914532905	23.73551428705618
21.916666666666668	1.1048878675526232	24.215459097194994	23.570993031762594
21.816666666666666	1.1472413568708866	25.02898226906651	23.95860532881603
22.983333333333334	1.0630679218160217	24.432844403071567	23.780107056310595
26.133333333333333	0.9264952685795378	24.212409685545254	23.69955746393931
18.0	1.3228331598614025	23.810996877505243	23.59370462607035
23.133333333333333	1.0323720092947208	23.882205815017876	23.511425466995924
22.016666666666666	1.0869275199919597	23.930520898489643	23.542024722138102
23.25	1.0493000340299652	24.39622579119669	23.851059223865406
22.066666666666666	1.092656605548314	24.11128909576613	23.592184333637185
24.216666666666665	1.0192308523744364	24.682373808334265	23.98654719455054
29.733333333333334	0.8558742891209875	25.44799552986403	23.8767297666371
17.966666666666665	1.3364477234120398	24.011510763969646	23.729168926006682
19.566666666666666	1.2184644868300545	23.84128845897473	23.52780089801778
23.116666666666667	1.066299934545998	24.64930015358832	23.949095971045683
25.516666666666666	0.9695831246586705	24.740529397540406	23.981373513801277
20.233333333333334	1.191156194278175	24.101060330895073	23.529602029775734
22.0	1.0894467731511186	23.967829009324607	23.6822538885312
22.0	1.1130860935072162	24.48789405715876	23.519285485473176
25.3	0.9696585015783062	24.53236008993115	24.006234501730116
23.466666666666665	1.032700132025665	24.234029764868936	23.69880703191448
29.816666666666666	0.818497598044253	24.404870048352812	23.53077050833324
21.78333333333333	1.1076785211135276	24.128930451589675	23.780386799136974
50.0	0.18830722106298758	9.415361053149379	23.924160308238466
25.066666666666666	0.966470716176179	24.226199285482885	23.505786545130466
23.35	1.0654900715650424	24.87919317104374	23.951667436040086
22.366666666666667	1.0683728077959584	23.895938467702937	23.562838712331143
23.15	1.052771531586412	24.371660956225433	23.97775784233203
25.866666666666667	0.9340860313318574	24.16169201045071	23.70690896855009
21.083333333333332	1.1374360320895018	23.980943009886996	23.79175806807135
30.5	0.8409359787129508	25.648547350744998	23.721586286496763
26.333333333333332	0.9382190080394467	24.706433878372096	23.674720347163305
19.416666666666668	1.24985584789664	24.268034379993093	23.7711455671839
22.916666666666668	1.0502640299830797	24.068550687112243	23.555870533654147
21.8	1.0950625170895327	23.872362872551815	23.55293185473055
25.316666666666666	0.9542953965886819	24.15957845697013	23.52008406581668
26.2	0.9504809963980704	24.902602105629445	24.010276599662323
25.25	0.9935132545624953	25.086209677703007	23.500056821288855
22.266666666666666	1.1050809513986743	24.60646918447715	23.92950894070515
50.0	0.2853826102262508	14.269130511312538	23.940053037450593
25.966666666666665	0.9399357123065589	24.406997329560312	23.74842821552363
23.45	1.0429498453741746	24.457173874024395	23.983183009669087
17.766666666666666	1.3330427003245788	23.683725309100016	23.562411366493876
23.416666666666668	1.0455506576838394	24.483311234096572	23.551519406065427
20.65	1.156692846942496	23.88570728936254	23.524960981752255
18.383333333333333	1.2998913401650556	23.896335803367606	23.711290608702974
20.233333333333334	1.1825680277629642	23.927293095070645	23.64479861869587
26.28333333333333	0.9358159751189855	24.596363212710667	23.8360840366529
21.416666666666668	1.12650158297531	24.125908902054558	23.706995622836246
20.55	1.1854273891137905	24.360532846288397	23.94940569592664
23.183333333333334	1.0449353515802382	24.22508456746852	23.50709320046165
22.75	1.0746794479165476	24.44895744010146	23.825297362937967
25.616666666666667	0.9459821321573356	24.23290895209708	23.63484403307375
22.716666666666665	1.0442012592847167	23.72077194008448	23.52320015003366
26.849999999999998	0.9186812615306007	24.666591872096628	23.600857648402766
27.366666666666667	0.8898035319222456	24.350956656938788	23.54058054866228
20.183333333333334	1.1794306183330991	23.804841313356384	23.501045335836775
24.03333333333333	1.0369714960995915	24.921881622926847	23.56921407493795
21.966666666666665	1.0871339982942918	23.880710162531276	23.521154788211287
23.883333333333333	1.0157191508995909	24.25875905398523	23.56961318435789
25.983333333333334	0.951421521891166	24.721102543805465	23.95194765464774
24.316666666666666	0.9989306738624848	24.290664219422755	23.834252744376098
21.666666666666668	1.102732377409278	23.892534843867693	23.500006629360424
28.616666666666667	0.8747201128590837	25.031573896317447	23.757956704111894
23.433333333333334	1.0409144680845854	24.39209570211545	23.828689587647396
22.183333333333334	1.0849432750036154	24.067658317163534	23.659123257576024
23.65	1.0186901832742243	24.092022834435404	23.704875006558694
23.983333333333334	1.016692753969041	24.383681216024165	23.857695630399352
18.133333333333333	1.3116305467529408	23.784233914453324	23.51683243725109
21.566666666666666	1.1433815218953511	24.658928155543073	24.01514161057614
22.7	1.0680326908170685	24.244342081547455	23.51749180309617
25.716666666666665	0.9597894885276057	24.682586346634924	23.899525309279056
22.366666666666667	1.0692467245707995	23.915485072900214	23.629077280310522
20.75	1.1672730327000107	24.22091542852522	23.844184579310777
20.683333333333334	1.159523212047204	23.982805102509673	23.518416379941453
23.75	1.0243022635721148	24.32717875983773	23.7011998107653
23.366666666666667	1.0312438534511634	24.096731375642186	23.69700762084809
24.983333333333334	1.001849912078325	25.029550303423488	23.999958751583417
31.28333333333333	0.800354767046258	25.037764962430437	23.875318623160336
27.983333333333334	0.8716420262825608	24.391449368806995	23.59440544770802
21.716666666666665	1.1521758874894636	25.021419689979517	23.64078524802706
23.433333333333334	1.0249860417567618	24.018839578500117	23.50183668555001
21.433333333333334	1.1167699759772978	23.93610315178008	23.645486764387066
24.15	1.0429209554700094	25.186541074600726	23.874719440366977
23.616666666666667	1.0426067399412167	24.622895841611737	23.89727156405836
24.016666666666666	1.019927869834433	24.495267673856965	23.817720276862115
22.916666666666668	1.0749899563419467	24.635186499502947	23.55210274618103
18.183333333333334	1.320929697571828	24.01890500084774	23.917857122887213
25.483333333333334	0.9624823374442392	24.527258232537363	23.500436528819982
24.733333333333334	0.9747528402691822	24.108886915991107	23.7505279912271
24.733333333333334	0.981048413742343	24.264597433227284	23.870966341335865
22.0	1.0956095488099122	24.10341007381807	23.53469021476821
24.85	0.9709998551188282	24.129346399702882	23.518959687544303
26.316666666666666	0.932308052778829	24.535240255629517	23.635026194394634
23.03333333333333	1.0464522192952341	24.103282784433556	23.815635737631016
24.65	0.9736212670798264	23.99976423351772	23.542608691845277
25.183333333333334	0.9780060368181148	24.62945202720286	23.696873836369246
19.983333333333334	1.1886632588085335	23.753454121857196	23.521076788235593
24.616666666666667	0.980959613268332	24.147955813288775	23.517005184935705
20.666666666666668	1.1597178435583608	23.967502100206126	23.810480997435967
22.716666666666665	1.0694132697211396	24.29350477716522	23.501270019748073
23.483333333333334	1.0435086143358439	24.5050606266534	23.505627883540605
22.883333333333333	1.05168166160832	24.065982023137057	23.530694298584287
26.55	0.9364929163820667	24.86388692994387	23.6622582813096
23.216666666666665	1.0546063269089219	24.484443556402134	23.774353357606476
23.683333333333334	1.0213750802041248	24.189566482834355	23.94353330484165
24.25	1.0166875064569902	24.654672031582013	23.991156306457242
19.416666666666668	1.2567327656985456	24.401561200646764	23.820177246679844
22.133333333333333	1.0871648480279157	24.062581969684533	23.628626041514394
26.016666666666666	1.0194281915185057	26.52212344933979	23.690127344664134
28.966666666666665	0.8388789761195794	24.29952767493048	23.508760597216284
21.183333333333334	1.118444507444591	23.692382816034588	23.500862382400022
21.216666666666665	1.1233625151553657	23.834008029879673	23.599138991502294
21.466666666666665	1.1542426352182658	24.777741902685435	23.821971934529312
27.016666666666666	0.9096199153390018	24.574898046075365	23.506005044889754
21.266666666666666	1.161428411274297	24.699710879766712	23.99299762363869
23.1	1.0700300039284276	24.717693090746682	23.589360397546358
24.716666666666665	0.9843769500730567	24.330516949305718	23.78657623714917
26.666666666666668	0.8994135097946712	23.98436026119123	23.502673222910747
20.833333333333332	1.1484637991808753	23.926329149601568	23.56633313781412
22.483333333333334	1.0736834992272788	24.13998400762665	23.57370398640142
20.583333333333332	1.1678092034000456	24.037406103317604	23.50113440003373
20.28333333333333	1.1969301058096409	24.277732312838882	23.620825541237863
24.28333333333333	0.9933183454467843	24.12108048859941	23.68871262400572
28.15	0.8685422791549783	24.449465158212636	23.95944471030572
18.85	1.2656052181726631	23.856658362554704	23.534587702172903
19.216666666666665	1.2473896633858468	23.970671364731356	23.857415691135586
28.516666666666666	0.8461572848991689	24.129585241041298	23.50120327295649
23.983333333333334	1.0230261294707643	24.535576671807164	23.95809824403307
22.166666666666668	1.0740585794505288	23.80829851115339	23.532537286261782
21.9	1.0897377082567774	23.865255810823424	23.50656399904301
19.083333333333332	1.248487890109523	23.825310569590066	23.635236269470308
24.666666666666668	1.0220340622510014	25.210173535524703	23.796387422186893
23.966666666666665	1.0159872900419509	24.34982871800542	23.89827430045901
23.916666666666668	1.0155475804039338	24.28851296466075	23.75684879199665
50.0	0.2515473676481113	12.577368382405567	24.001871202374918
25.266666666666666	0.9643228913934315	24.365225055874035	23.780014944616035
19.333333333333332	1.244206706372143	24.054662989861427	23.826852561450387
23.566666666666666	1.0443053896794428	24.610797016778868	23.843094231225674
21.45	1.1272385097309454	24.179266033728776	23.634407866421697
21.9	1.112079160230395	24.35453360904565	23.64526615510034
18.55	1.289346333615251	23.91737448856291	23.539910781662737
21.383333333333333	1.115273313694326	23.848261024497006	23.647047619668648
30.53333333333333	0.8041838840769511	24.554414593816237	23.618442517673245
25.7	0.9356010947925681	24.044948136169	23.510167500393322
27.733333333333334	0.9081292389816024	25.185450894423106	23.5060485559251
31.4	0.7894548285502097	24.788881616476584	24.000397562885176
25.666666666666668	0.9592945868109201	24.621894394813616	23.570010949309324
23.483333333333334	1.0506285869074448	24.672261315876497	23.620763259839983
36.016666666666666	1.1114636763759995	40.03121674414225	23.502307808068586
24.2	1.016302851062117	24.594528995703232	23.515949071253083
20.883333333333333	1.147481183998105	23.963232059160426	23.60881308736849
20.633333333333333	1.1488655769761331	23.70492640494088	23.51838560493754
20.916666666666668	1.1380380337601779	23.803962206150388	23.603700853609404
24.95	0.9608402873026993	23.972965168202347	23.737534658236108
29.733333333333334	0.8246238104117142	24.51881462957497	23.5547584958806
28.416666666666668	0.864343176344396	24.561751927786585	23.624240600708735
29.416666666666668	0.853537280173357	25.108221658432917	23.65990551085275
20.1	1.1884772804125356	23.88839333629197	23.69415586897522
50.0	0.25235686984734573	12.617843492367287	24.010892633849107
20.7	1.1560965643161027	23.931198881343327	23.638118875657636
27.216666666666665	0.9025469350100762	24.564319081190906	23.503985823378972
23.266666666666666	1.0341605453969065	24.061468689568024	23.512730702045236
50.0	0.22941254829608684	11.470627414804342	23.881635949502186
18.433333333333334	1.2921611605720884	23.818837393212164	23.772631371540758
21.9	1.1010742570917142	24.11352623030854	23.674223131162673
26.03333333333333	0.9261388980670299	24.11048264634501	23.55152097927085
21.883333333333333	1.0990676533874928	24.05126381496297	23.668646204714626
22.883333333333333	1.0731826488557719	24.557996281316246	23.851088705309255
24.816666666666666	0.9804996262541075	24.332732391539434	23.534546503571327
20.85	1.1529265060785878	24.03851765173856	23.65136131387715
26.55	0.9372775901156689	24.88472001757101	23.577535075911886
25.03333333333333	1.0014991412104854	25.07086183496915	23.905863243780647
25.966666666666665	0.9475276919561088	24.60413573446029	23.535597522875733
20.03333333333333	1.1936980845267364	23.913751626685617	23.73581948945065
24.383333333333333	1.0092836989012546	24.60970085820892	23.72194836199632
24.416666666666668	0.9853005173759402	24.05775429926254	23.76403373710399
21.966666666666665	1.0978146526679025	24.115328536938257	23.801317751685595
23.233333333333334	1.0453254936178107	24.286395635053804	23.5577858337934
50.0	0.2335669720154107	11.678348600770535	23.96652369169937
26.7	0.9285984492106011	24.793578593923048	23.825424013010267
19.116666666666667	1.251115167915053	23.917151626642763	23.66047169569317
23.233333333333334	1.050105930491476	24.397461118418626	23.99807371801247
26.333333333333332	0.9232646521355723	24.31263583957007	23.545680788586274
20.4	1.182505042925983	24.12310287569005	23.500007925854153
21.266666666666666	1.1363749702156534	24.16690769991956	23.919015352328127
19.633333333333333	1.2306187212633222	24.161147560803226	23.832090154577227
26.349999999999998	0.9205772716808058	24.25721110878923	23.570711288535207
29.05	0.845803015370326	24.57057759650797	23.500603840106322
24.2	0.997876033314778	24.148600006217627	23.60897273960302
27.833333333333332	0.871130892332392	24.24647650325158	23.541227741601197
31.349999999999998	0.8056325790676929	25.256581353772173	23.900797831843878
21.433333333333334	1.1238948676599485	24.08881333017823	23.508928252864145
25.5	0.9635476354677133	24.570464704426687	23.527246747762636
26.916666666666668	0.9251021472612435	24.90066613044847	23.977514033834936
21.633333333333333	1.133558494286504	24.52264875973137	23.750891484410168
24.166666666666668	0.9900374590576847	23.925905260560715	23.570055895612064
25.366666666666667	0.9532050527723567	24.17963483865878	23.514955677045425
25.266666666666666	0.9698988798097034	24.50611169652517	23.52925664954481
25.916666666666668	0.9609669650879423	24.905060511862505	23.513447206144573
50.0	0.4692655783752758	23.46327891876379	23.909353299937436
28.333333333333332	0.8612177254874068	24.40116888880986	23.564690237243134
25.75	0.9458255229517907	24.35500721600861	23.508885397490094
23.466666666666665	1.0353457896707696	24.296114530940727	23.71260083654719
22.9	1.0484068410125076	24.008516659186423	23.50148298506181
24.966666666666665	1.0004990043014244	24.979125140725557	23.807946737451427
26.15	0.9418737786912961	24.62999931277739	23.57162186553523
19.983333333333334	1.2150932170469482	24.281612787321514	23.966139107956504
20.083333333333332	1.1942787013970482	23.985097253057383	23.662405656861417
20.666666666666668	1.1820571949414944	24.429182028790887	23.802518763727285
26.683333333333334	0.9000942173289292	24.017514032393596	23.743110918121012
20.233333333333334	1.1831603218246014	23.939277178251103	23.558009213752776
19.516666666666666	1.2235165011653313	23.878963714410048	23.59097992534374
23.28333333333333	1.0438619558288893	24.304585871549303	23.668690712815273
22.78333333333333	1.0535543795467814	24.003480614007504	23.52520027658598
21.133333333333333	1.1443876150490986	24.18472493137095	23.515965841165137
24.85	0.975656397771731	24.245061484627517	23.675835834371302
24.5	0.9967811174928689	24.42113737857529	23.717355365535756
19.53333333333333	1.2275984676209335	23.979090067528897	23.612422319342432
26.28333333333333	0.9299066969934823	24.441047685978692	23.960177542564622
26.099999999999998	0.9313031803956145	24.307013008325537	23.80734795953661
24.03333333333333	0.9919066457072109	23.838823051829966	23.504482498662938
23.866666666666667	1.0262584360701268	24.49336800754036	23.850170605903788
25.416666666666668	0.9574540577330688	24.33529063404883	23.556692345193017
22.933333333333334	1.0651689097622352	24.427873663880597	23.50581704358575
28.183333333333334	0.8686747148942703	24.48214904810352	23.655543912791032
25.8	0.9743529445733226	25.138305969991723	23.82348829042634
22.666666666666668	1.0753858399621012	24.375412372474297	23.746513596446196
21.8	1.12209527750564	24.461677049622953	23.983128403152417
25.65	0.9822855538042977	25.195624455080235	23.742457753010214
19.416666666666668	1.2207456112807633	23.70281061903482	23.530269404300537
26.3	0.9350447339855887	24.591676503820985	23.68746385285256
23.383333333333333	1.0388810653568852	24.292502244928496	23.55463590613155
24.983333333333334	0.9829827141527738	24.558184808583466	23.70642235198296
24.916666666666668	0.9759177379065082	24.31661696950383	23.630815951555842
19.916666666666668	1.2045790736126305	23.99119988278489	23.781847382046138
21.516666666666666	1.1057836658916296	23.792778544434896	23.54556648113315
25.683333333333334	0.9748930958890697	25.038504346084274	24.007644570929934
21.35	1.1589374139602633	24.743313788051623	23.940672365369032
20.766666666666666	1.1719204273141435	24.33688087389038	23.575418894553497
17.683333333333334	1.3596103782739732	24.042443522478095	23.98821502050893
22.683333333333334	1.061853545157759	24.08637791599517	23.530376898852257
21.3	1.1271770833288834	24.008871874905218	23.501126092988613
23.466666666666665	1.0249814787486036	24.05289870130056	23.508702957673858
21.633333333333333	1.1021121005531007	23.842358441965413	23.623325573546808
21.5	1.1131267804276403	23.93222577919427	23.784148844421118
20.266666666666666	1.17589098299506	23.83139058869988	23.53773600796997
25.3	0.9842851591504197	24.90241452650562	23.521529881609926
21.433333333333334	1.1298304708154903	24.21603309114534	23.90613753808262
25.4	0.9581802183717065	24.337777546641345	23.5940911255005
25.03333333333333	0.988544265829503	24.746558121265224	23.768212582805496
20.8	1.1529258839255392	23.980858385651214	23.589150242358837
26.883333333333333	0.9256341847910374	24.884132334465722	23.508848724549065
28.2	0.8813143239147035	24.85306393439464	23.753907761966644
24.9	0.9580209919611228	23.854722699831957	23.509456154683242
24.2	1.0368226683181627	25.091108573299536	23.501516397467554
19.03333333333333	1.2610642375138625	24.00225598734718	23.75494969214898
24.716666666666665	0.9685757675334893	23.939964387536076	23.54240511734153
24.833333333333332	0.9743364845793249	24.196022700386568	23.70337884907069
19.466666666666665	1.2312053252084638	23.967463664058094	23.551936210297985
17.55	1.3595381909348814	23.85989525090717	23.75436827832486
24.633333333333333	0.9748579414419721	24.014000624187247	23.50046706919105
22.933333333333334	1.0424644881163732	23.90718559413549	23.51364888404272
19.25	1.2363386077446505	23.799518199084524	23.72990788538158
26.316666666666666	0.9309491232645245	24.49947776057807	23.96545934780449
25.0	0.9556975487554668	23.89243871888667	23.50026475463002
20.45	1.1803476114739588	24.13810865464246	23.679481700687244
21.7	1.114884318447115	24.1929897103024	23.636424406722778
23.53333333333333	1.0485849756175885	24.67669975953391	23.66973570271155
25.05	0.9651616702168331	24.17729983893167	23.714250106397746
21.55	1.1089852313750017	23.89863173613129	23.557219586719935
24.433333333333334	0.9972034023821746	24.3650031315378	23.761027280325795
21.78333333333333	1.1091545383085744	24.16108302615511	23.924210718777275
20.383333333333333	1.1817696392669133	24.088404480390583	23.87366012964677
18.566666666666666	1.2808151018173044	23.780467057074617	23.520502184900998
25.233333333333334	0.9513578286377828	24.005929209293388	23.500027417883786
23.133333333333333	1.073997518229306	24.845142588371278	23.97647909591241
22.233333333333334	1.071610461116656	23.825472585493653	23.6228495527907
21.28333333333333	1.150614833354867	24.488919036569417	23.936237925143512
24.016666666666666	1.0366370533223437	24.896566563958288	23.72035135760938
24.566666666666666	0.999368033738924	24.551141362186232	23.69274526015939
23.233333333333334	1.0504609541091456	24.40570950046915	23.52156177264717
25.166666666666668	0.9732544536673902	24.493570417295988	23.56685736817161
26.15	0.927031378225641	24.24187054060051	23.57695528417039
22.133333333333333	1.0945610396976706	24.226284345308443	23.814407046640977
20.9	1.1771292806121207	24.60200196479332	23.6498244803612
24.28333333333333	0.9830031360003311	23.87059281920804	23.51389503248313
23.066666666666666	1.059165644193899	24.43142085940594	23.744939630929313
24.183333333333334	1.0216052140273384	24.705819425894465	23.51527544530189
19.6	1.218000180656481	23.872803540867032	23.50023135875103
27.7	0.8763758758253708	24.27561176036277	23.709928291021527
29.833333333333332	0.8378527829387314	24.995941357672155	23.99406100902391
28.849999999999998	0.8373773884322755	24.158337656271147	23.500094286916642
19.633333333333333	1.2231994482334125	24.015482500315997	23.509210127025934
21.833333333333332	1.0998863792111884	24.014185946110945	23.715729856412587
20.983333333333334	1.1359977449288552	23.837019347757145	23.625741952420036
25.633333333333333	0.9677462211753214	24.80656146946074	23.822169598406507
25.983333333333334	0.9292002766431958	24.143720521445704	23.563128623373043
22.866666666666667	1.0687152436385403	24.437955237867953	23.815958270186517
22.03333333333333	1.093558420992176	24.094737209194275	23.942384551120195
20.666666666666668	1.1650856327883792	24.07843641095984	23.693028703589746
20.566666666666666	1.1607503050670873	23.87276460754643	23.554974108229025
23.583333333333332	1.0117119231861824	23.859539521807466	23.514577504553234
24.683333333333334	1.003134434690038	24.7607016295991	23.500003205450888
27.15	0.9092339877185688	24.685702766559142	23.933810900049913
20.866666666666667	1.1402696906137855	23.79362754414099	23.512717196498144
27.666666666666668	0.9088766599359154	25.145587591560325	23.61365829379234
24.05	0.9988978412841352	24.02349308288345	23.628777532016553
19.9	1.2090163349845047	24.059425066191643	23.79754786677341
20.833333333333332	1.1410682530477698	23.772255271828538	23.54898524314668
20.15	1.1996703912490607	24.17335838366857	23.901852832915882
24.116666666666667	1.0011687789151955	24.144853718171465	23.51946474098044
20.3	1.1801382403166272	23.956806278427532	23.668247703451147
21.75	1.1328796489557782	24.640132364788176	23.954588998297726
21.183333333333334	1.143213581941332	24.21707437745722	23.911785365147608
22.0	1.1047075297828028	24.30356565522166	23.562416803617086
19.633333333333333	1.2097320063844061	23.751071725347174	23.59219815870418
25.566666666666666	0.9761866216842665	24.95783796106108	23.79359019236361
20.78333333333333	1.1593558127307309	24.095278307920353	23.521716843385637
20.833333333333332	1.1463376653341621	23.88203469446171	23.500018928756766
21.4	1.134602680937587	24.28049737206436	23.98483021988213
19.53333333333333	1.2215017606346725	23.8600010577306	23.70579721456918
23.5	1.0246869991045984	24.08014447895806	23.631575050481484
22.933333333333334	1.0588222207094247	24.282322928269473	23.870525732775082
25.116666666666667	0.957665460941357	24.05336416064375	23.592552891426923
21.016666666666666	1.1483097043114798	24.133642285612932	23.633408969418607
24.166666666666668	1.015229455506891	24.534711841416534	23.813913071174635
22.466666666666665	1.0776851524166515	24.21199309096077	23.604958919210986
23.266666666666666	1.0460964933509609	24.33917841196569	23.644906215562713
27.53333333333333	0.9058767575643721	24.941806724939045	23.944470705987612
23.45	1.046611153279507	24.54303154440444	23.9292267630325
29.03333333333333	0.8360682016935974	24.273846789170776	23.73591345957112
29.116666666666667	0.8534258451914292	24.848915859157113	23.838654517657417
